1628
2 3 6
2 7 9
2 10 11
2 17 18
2 28 33
2 39 44
2 47 49
2 53 55
2 56 58
2 59 60
2 62 63
2 65 67
2 71 82
2 85 87
2 96 103
2 110 117
2 120 124
2 132 137
2 139 142
2 145 146
2 147 150
2 151 164
2 171 172
2 174 177
2 178 188
2 197 198
2 201 206
2 208 210
2 211 213
2 214 236
2 245 251
2 253 257
2 263 264
2 278 281
2 283 289
2 290 296
2 297 301
2 307 321
2 328 332
2 333 336
2 358 362
2 370 371
2 373 384
2 385 396
2 398 403
2 404 407
2 421 432
2 443 446
2 451 453
2 461 463
2 464 480
2 489 513
2 520 522
2 525 529
2 532 534
2 540 556
2 559 565
2 586 589
2 590 593
2 594 597
2 604 622
2 628 631
2 634 635
2 636 642
2 645 648
2 654 656
2 666 674
2 676 683
2 684 687
2 688 689
2 706 709
2 714 717
2 723 727
2 730 735
2 737 738
2 745 750
2 752 760
2 766 767
2 773 774
2 778 780
2 791 797
2 818 820
2 834 835
2 836 839
2 844 846
2 847 850
2 854 859
2 864 875
2 876 877
2 884 887
2 898 900
2 902 909
2 912 915
2 916 923
2 924 926
2 931 936
2 948 954
2 960 962
2 970 973
2 976 992
2 995 998
2 1001 1004
2 1010 1013
2 1015 1021
2 1023 1037
2 1040 1049
2 1050 1056
2 1061 1071
2 1073 1081
2 1085 1094
2 1096 1101
2 1114 1115
2 1116 1117
2 1122 1129
2 1136 1140
2 1146 1152
2 1154 1159
2 1160 1164
2 1178 1197
2 1200 1202
2 1203 1205
2 1210 1214
2 1224 1228
2 1231 1233
2 1234 1248
2 1249 1253
2 1260 1261
2 1282 1287
2 1311 1322
2 1332 1336
2 1339 1340
2 1341 1344
2 1351 1353
2 1357 1359
2 1361 1364
2 1372 1378
2 1383 1385
2 1388 1393
2 1396 1406
2 1418 1422
2 1423 1427
2 1429 1430
2 1433 1440
2 1445 1450
2 1464 1467
2 1471 1476
2 1483 1484
2 1487 1491
2 1492 1505
2 1508 1509
2 1510 1512
2 1522 1523
2 1524 1526
2 1529 1533
2 1542 1552
2 1556 1561
2 1562 1564
2 1568 1570
2 1571 1584
2 1587 1589
2 1591 1595
2 1598 1601
2 1609 1620
2 1621 1632
2 1636 1642
2 1648 1671
2 1673 1677
2 1681 1684
2 1701 1704
2 1707 1708
2 1711 1712
2 1713 1714
2 1717 1718
2 1720 1723
2 1724 1726
2 1729 1734
2 1735 1737
2 1740 1742
2 1743 1747
2 1756 1763
2 1765 1767
2 1787 1800
2 1810 1812
2 1817 1819
2 1820 1821
2 1825 1827
2 1830 1833
2 1837 1839
2 1845 1847
2 1851 1853
2 1856 1861
2 1866 1874
2 1876 1877
2 1883 1884
2 1888 1889
2 1895 1912
2 1922 1923
2 1930 1934
2 1936 1943
2 1946 1948
2 1952 1955
2 1963 1965
2 1975 1976
2 1988 1994
2 1996 1998
2 2000 2006
2 2007 2008
2 2009 2020
2 2023 2036
2 2043 2045
2 2055 2060
2 2061 2064
2 2070 2080
2 2081 2085
2 2089 2091
2 2094 2095
2 2096 2106
2 2112 2115
2 2117 2123
2 2124 2125
2 2127 2129
2 2141 2155
2 2160 2162
2 2165 2185
2 2190 2196
2 2203 2212
2 2213 2221
2 2222 2226
2 2228 2241
2 2243 2245
2 2246 2254
2 2259 2260
2 2265 2267
2 2274 2282
2 2293 2295
2 2300 2305
2 2308 2309
2 2313 2320
2 2323 2331
2 2340 2342
2 2345 2351
2 2353 2364
2 2368 2375
2 2381 2389
2 2395 2398
2 2400 2401
2 2407 2428
2 2456 2457
2 2459 2461
2 2462 2475
2 2481 2484
2 2486 2488
2 2489 2490
2 2499 2509
2 2516 2535
2 2536 2538
2 2544 2545
2 2548 2555
2 2558 2565
2 2566 2571
2 2572 2573
2 2575 2584
2 2585 2589
2 2590 2592
2 2598 2600
2 2612 2619
2 2627 2628
2 2642 2647
2 2649 2652
2 2674 2686
2 2687 2697
2 2705 2716
2 2718 2723
2 2726 2727
2 2728 2732
2 2736 2749
2 2752 2759
2 2765 2766
2 2776 2783
2 2795 2798
2 2802 2804
2 2806 2809
2 2811 2814
2 2817 2819
2 2828 2836
2 2843 2848
2 2854 2861
2 2862 2870
2 2872 2874
2 2877 2879
2 2887 2905
2 2907 2912
2 2920 2922
2 2927 2932
2 2935 2937
2 2939 2941
2 2944 2952
2 2957 2962
2 2964 2968
2 2982 2985
2 2994 2999
2 3001 3002
2 3015 3022
2 3024 3028
2 3029 3037
2 3042 3047
2 3050 3055
2 3062 3072
2 3083 3087
2 3089 3092
2 3096 3104
2 3106 3107
2 3112 3114
2 3120 3126
2 3132 3134
2 3135 3137
2 3142 3145
2 3149 3153
2 3155 3167
2 3170 3176
2 3196 3214
2 3223 3228
2 3229 3239
2 3244 3248
2 3253 3257
2 3258 3271
2 3272 3273
2 3276 3278
2 3293 3295
2 3297 3299
2 3302 3306
2 3308 3309
2 3323 3337
2 3352 3356
2 3357 3362
2 3367 3368
2 3371 3375
2 3376 3379
2 3420 3422
2 3437 3443
2 3451 3457
2 3463 3473
2 3475 3480
2 3484 3485
2 3496 3498
2 3499 3505
2 3508 3511
2 3516 3518
2 3519 3526
2 3527 3531
2 3540 3542
2 3544 3553
2 3557 3558
2 3559 3561
2 3566 3567
2 3573 3579
2 3582 3583
2 3593 3595
2 3607 3608
2 3617 3618
2 3626 3629
2 3632 3647
2 3648 3654
2 3655 3656
2 3672 3673
2 3674 3677
2 3678 3686
2 3689 3691
2 3692 3697
2 3704 3708
2 3715 3718
2 3728 3730
2 3736 3745
2 3746 3750
2 3757 3760
2 3765 3769
2 3775 3781
2 3791 3792
2 3795 3802
2 3808 3825
2 3828 3830
2 3834 3839
2 3840 3842
2 3844 3845
2 3853 3857
2 3869 3870
2 3877 3882
2 3885 3889
2 3891 3892
2 3895 3896
2 3899 3904
2 3905 3906
2 3912 3913
2 3914 3924
2 3932 3940
2 3942 3944
2 3945 3950
2 3966 3969
2 3973 3978
2 3980 3983
2 3987 3997
2 4004 4011
2 4026 4036
2 4038 4041
2 4043 4044
2 4054 4055
2 4057 4058
2 4064 4066
2 4074 4076
2 4079 4089
2 4090 4091
2 4093 4100
2 4102 4106
2 4112 4126
2 4131 4134
2 4135 4137
2 4139 4141
2 4147 4150
2 4151 4161
2 4167 4170
2 4179 4185
2 4187 4194
2 4200 4202
2 4222 4230
2 4233 4235
2 4240 4244
2 4259 4284
2 4292 4293
2 4307 4318
2 4320 4322
2 4331 4351
2 4352 4357
2 4361 4363
2 4367 4374
2 4375 4381
2 4386 4390
2 4402 4405
2 4406 4410
2 4412 4415
2 4430 4439
2 4442 4449
2 4452 4469
2 4473 4474
2 4475 4477
2 4478 4480
2 4490 4491
2 4495 4496
2 4498 4506
2 4509 4516
2 4521 4522
2 4524 4527
2 4532 4550
2 4551 4555
2 4557 4559
2 4561 4565
2 4572 4573
2 4574 4579
2 4582 4592
2 4600 4604
2 4607 4611
2 4617 4619
2 4627 4631
2 4636 4637
2 4638 4639
2 4644 4649
2 4650 4655
2 4656 4657
2 4661 4663
2 4668 4670
2 4671 4685
2 4690 4692
2 4695 4696
2 4702 4703
2 4706 4711
2 4716 4717
2 4720 4725
2 4727 4731
2 4766 4771
2 4773 4774
2 4786 4788
2 4792 4808
2 4814 4837
2 4847 4848
2 4857 4859
2 4861 4863
2 4865 4867
2 4870 4871
2 4874 4875
2 4879 4883
2 4884 4886
2 4902 4904
2 4912 4916
2 4917 4925
2 4926 4933
2 4940 4946
2 4951 4953
2 4957 4959
2 4960 4961
2 4964 4965
2 4975 4977
2 4983 4989
2 4990 4995
2 4997 5001
2 5006 5007
3 5013 5017 5020
3 5028 5035 5042
3 5044 5046 5048
3 5052 5056 5058
3 5061 5074 5081
3 5083 5085 5086
3 5090 5094 5096
3 5101 5118 5121
3 5131 5136 5149
3 5151 5155 5156
3 5163 5170 5172
3 5174 5178 5197
3 5203 5205 5207
3 5209 5211 5214
3 5219 5231 5235
3 5236 5239 5244
3 5250 5251 5255
3 5271 5278 5295
3 5308 5310 5324
3 5325 5330 5332
3 5336 5341 5355
3 5357 5359 5363
3 5366 5371 5375
3 5378 5380 5383
3 5389 5416 5418
3 5427 5441 5446
3 5457 5461 5462
3 5467 5474 5476
3 5487 5488 5489
3 5492 5494 5503
3 5513 5515 5517
3 5518 5526 5529
3 5530 5540 5544
3 5547 5548 5551
3 5553 5559 5563
3 5570 5574 5579
3 5583 5592 5593
3 5600 5602 5609
3 5610 5616 5622
3 5625 5627 5633
3 5644 5649 5651
3 5652 5653 5665
3 5671 5683 5686
3 5705 5710 5713
3 5720 5728 5729
3 5733 5744 5758
3 5772 5773 5776
3 5777 5785 5791
3 5793 5794 5796
3 5803 5808 5815
3 5823 5824 5835
3 5839 5845 5849
3 5854 5856 5864
3 5865 5869 5873
3 5875 5879 5886
3 5891 5898 5899
3 5901 5902 5904
3 5905 5909 5913
3 5916 5918 5919
3 5920 5931 5941
3 5945 5948 5962
3 5970 5981 5982
3 5989 5991 5998
3 6010 6012 6016
3 6028 6036 6038
3 6042 6050 6052
3 6053 6058 6060
3 6076 6102 6107
3 6110 6111 6123
3 6129 6133 6134
3 6144 6146 6147
3 6149 6152 6155
3 6157 6168 6170
3 6171 6176 6178
3 6188 6192 6193
3 6196 6198 6202
3 6205 6206 6208
3 6215 6220 6226
3 6228 6231 6240
3 6252 6255 6256
3 6266 6273 6289
3 6296 6297 6300
3 6306 6309 6312
3 6313 6316 6320
3 6326 6329 6336
3 6340 6342 6350
3 6359 6361 6363
3 6364 6365 6366
3 6367 6370 6377
3 6380 6381 6384
3 6389 6396 6404
3 6410 6415 6419
3 6426 6436 6443
3 6444 6451 6459
3 6467 6476 6477
3 6481 6483 6490
3 6495 6498 6514
3 6526 6528 6531
3 6534 6537 6540
3 6547 6550 6557
3 6558 6567 6571
3 6577 6578 6580
3 6582 6583 6584
3 6585 6602 6605
3 6611 6613 6616
3 6623 6627 6628
3 6632 6638 6639
3 6640 6645 6651
3 6655 6656 6662
3 6666 6668 6673
3 6676 6677 6680
3 6685 6702 6703
3 6715 6721 6731
3 6733 6735 6738
3 6741 6742 6747
3 6752 6756 6757
3 6762 6769 6777
3 6778 6782 6784
3 6794 6800 6823
3 6827 6839 6842
3 6849 6856 6857
3 6870 6882 6913
3 6914 6927 6932
3 6935 6938 6956
3 6957 6965 6976
3 6981 6984 6985
3 6988 6989 6994
3 7003 7008 7013
3 7026 7032 7037
3 7041 7050 7057
3 7064 7074 7079
3 7083 7088 7090
3 7095 7100 7101
3 7103 7104 7105
3 7108 7118 7119
3 7130 7135 7136
3 7145 7148 7149
3 7151 7152 7153
3 7155 7166 7168
3 7175 7178 7196
3 7198 7201 7202
3 7204 7208 7209
3 7210 7212 7215
3 7218 7219 7230
3 7231 7238 7249
3 7250 7253 7255
3 7259 7262 7267
3 7278 7286 7290
3 7296 7302 7305
3 7308 7310 7313
3 7316 7318 7319
3 7326 7330 7344
3 7346 7356 7359
3 7361 7363 7368
3 7369 7374 7375
3 7382 7385 7391
3 7406 7409 7412
3 7413 7415 7419
3 7426 7432 7436
3 7439 7443 7444
3 7445 7447 7451
3 7454 7463 7464
3 7466 7475 7489
3 7494 7499 7512
3 7515 7516 7518
3 7522 7524 7525
3 7526 7529 7530
3 7534 7536 7540
3 7542 7543 7545
3 7549 7551 7558
3 7567 7569 7577
3 7579 7583 7592
3 7594 7595 7603
3 7610 7613 7617
3 7618 7624 7629
3 7643 7647 7648
3 7659 7662 7671
3 7673 7677 7678
3 7683 7692 7696
3 7699 7700 7703
3 7704 7710 7715
3 7725 7726 7733
3 7734 7740 7748
3 7752 7756 7757
3 7759 7764 7768
3 7777 7778 7785
3 7792 7796 7814
3 7818 7819 7821
3 7823 7824 7825
3 7834 7839 7841
3 7851 7861 7862
3 7863 7870 7875
3 7880 7884 7888
3 7896 7911 7914
3 7917 7920 7922
3 7923 7927 7934
3 7936 7937 7939
3 7943 7944 7945
3 7950 7953 7954
3 7961 7972 7978
3 7981 7983 7990
3 7993 8003 8004
3 8010 8019 8026
3 8032 8035 8036
3 8040 8043 8044
3 8047 8056 8058
3 8059 8063 8079
3 8081 8094 8101
3 8115 8116 8119
3 8123 8132 8134
3 8138 8148 8150
3 8152 8153 8161
3 8163 8167 8168
3 8172 8176 8183
3 8186 8187 8189
3 8193 8197 8198
3 8199 8200 8204
3 8233 8239 8240
3 8241 8242 8247
3 8250 8253 8258
3 8259 8267 8284
3 8286 8287 8293
3 8297 8299 8305
3 8320 8322 8325
3 8328 8332 8333
3 8338 8342 8346
3 8348 8363 8367
3 8375 8376 8384
3 8387 8392 8397
3 8407 8418 8423
3 8425 8430 8431
3 8432 8434 8437
3 8442 8449 8452
3 8453 8465 8466
3 8468 8470 8477
3 8478 8479 8485
3 8487 8501 8506
3 8509 8516 8524
3 8527 8529 8537
3 8548 8553 8563
3 8578 8579 8585
3 8591 8597 8601
3 8603 8606 8607
3 8608 8609 8612
3 8614 8616 8617
3 8625 8626 8636
3 8637 8639 8641
3 8644 8648 8650
3 8651 8652 8653
3 8658 8659 8670
3 8671 8673 8677
3 8679 8683 8684
3 8689 8692 8697
3 8701 8702 8707
3 8714 8715 8721
3 8722 8733 8736
3 8745 8746 8750
3 8751 8754 8767
3 8775 8777 8779
3 8785 8803 8811
3 8814 8823 8824
3 8833 8834 8835
3 8837 8839 8845
3 8849 8851 8854
3 8861 8865 8866
3 8873 8874 8889
3 8894 8895 8898
3 8907 8911 8915
3 8923 8929 8931
3 8932 8938 8940
3 8947 8954 8956
3 8964 8967 8990
3 8991 8997 9004
3 9014 9016 9019
3 9043 9048 9063
3 9072 9078 9092
3 9106 9111 9119
3 9121 9122 9123
3 9124 9128 9129
3 9131 9135 9143
3 9151 9154 9161
3 9165 9166 9168
3 9182 9192 9196
3 9197 9213 9214
3 9220 9222 9235
3 9238 9241 9243
3 9246 9247 9250
3 9252 9256 9263
3 9265 9267 9271
3 9275 9276 9283
3 9286 9289 9295
3 9302 9305 9307
3 9320 9325 9326
3 9340 9341 9344
3 9350 9354 9359
3 9361 9363 9365
3 9366 9368 9374
3 9376 9382 9383
3 9390 9397 9407
3 9414 9419 9425
3 9426 9433 9443
3 9450 9453 9456
3 9464 9468 9471
3 9483 9487 9490
3 9499 9507 9511
3 9514 9523 9525
3 9527 9528 9529
3 9530 9532 9539
3 9542 9545 9546
3 9550 9552 9559
3 9561 9566 9568
3 9569 9572 9576
3 9580 9585 9588
3 9594 9597 9599
3 9602 9605 9612
3 9614 9618 9620
3 9626 9629 9631
3 9637 9649 9650
3 9675 9684 9689
3 9690 9691 9695
3 9703 9713 9714
3 9718 9719 9722
3 9726 9730 9732
3 9741 9746 9747
3 9748 9751 9755
3 9761 9765 9769
3 9776 9778 9779
3 9784 9795 9797
3 9799 9806 9813
3 9818 9843 9848
3 9849 9852 9853
3 9856 9864 9866
3 9871 9873 9879
3 9880 9888 9894
3 9895 9896 9900
3 9906 9907 9908
3 9917 9921 9922
3 9930 9942 9946
3 9952 9959 9961
3 9962 9965 9966
3 9968 9971 9974
3 9976 9984 9986
3 9988 1090 3749
3 7770 8712 9429
3 1886 2191 6834
3 4467 4823 5522
3 5832 7116 6466
3 3985 32 4907
3 947 3075 6649
3 3188 5531 9549
3 8238 5724 9062
3 7596 512 9802
3 7010 8682 359
3 9221 3339 5556
3 804 9667 7956
3 7966 4124 6724
3 7689 7480 4704
3 1822 9734 711
3 9606 2134 9091
3 9183 3564 9828
3 1507 5615 3129
3 3136 6421 149
3 5896 3011 3428
3 4640 6184 1761
3 2924 45 2277
3 4016 7220 6700
3 8519 5908 9868
3 7221 7809 4887
3 3811 678 1347
3 7186 7876 1256
3 2343 6873 1100
3 2148 170 2707
3 4208 7970 8276
3 6243 300 7731
3 5756 9173 6574
3 6705 2167 0
3 3322 3694 9096
3 4514 3641 313
3 2024 6446 3991
3 8196 7964 8263
3 6811 6264 8632
3 5566 6160 1382
3 5451 5584 4465
3 849 5047 9459
3 6248 2198 6203
3 2467 6637 9573
3 3121 5939 611
3 5164 2278 3724
3 3020 8264 471
3 8562 5277 4335
3 9978 5954 2495
3 7984 6681 8908
3 6659 6553 4708
3 6903 8517 1047
3 9752 8752 5166
3 1908 2672 8027
3 4949 6015 2983
3 9987 1157 7386
3 7975 7424 9583
3 9299 8133 1044
3 6942 9996 6726
3 4659 6596 1199
3 1174 5657 9891
3 6522 4340 1181
3 1179 9068 5040
3 8801 8711 5947
3 3681 7425 6648
3 2875 5240 2367
3 1569 5860 3818
3 9210 4992 4215
3 9328 7727 9038
3 3203 5449 7384
3 1411 3226 3127
3 708 1106 1593
3 4511 5721 6112
3 3412 6017 433
3 9633 5362 2337
3 541 7509 4790
3 8143 3517 5763
3 9836 7521 2062
3 5836 6022 5173
3 6719 562 4419
3 7500 8222 5813
3 4456 3894 2506
3 4286 2702 3031
3 6246 1840 8160
3 6478 3563 9721
3 514 8210 1668
3 1616 8202 1381
3 825 5536 8828
3 8696 4206 8413
3 5496 2296 8667
3 355 2025 5157
3 4052 8864 6351
3 204 2601 8863
3 7555 9486 608
3 8139 6492 5730
3 968 4958 8810
3 889 1400 4359
3 3105 7877 1751
3 8336 1768 2120
3 6713 3596 465
3 2329 8006 5872
3 2954 8876 2159
3 6280 4188 9995
3 8977 1012 4742
3 9935 1409 7751
3 6275 9920 6864
3 1535 5198 6051
3 70 3330 2437
3 8031 4092 6263
3 9418 2033 530
3 3972 4943 240
3 9269 919 4858
3 955 5368 8919
3 3004 3809 7633
3 3657 1321 9198
3 6960 3235 1843
3 234 4228 2578
3 4801 131 9716
3 9519 5751 7397
3 9187 5606 2746
3 5082 6576 9028
3 3311 431 3926
3 8454 1640 8089
3 9768 7729 7614
3 8215 270 456
3 2661 1062 7924
3 9600 4000 430
3 4046 6097 1939
3 6698 2604 9767
3 372 2949 2193
3 1330 6964 9699
3 5208 97 9201
3 2786 978 9332
3 1750 7995 8137
3 9446 620 6003
3 6008 500 1744
3 3939 9086 2762
3 1036 6761 2072
3 9584 4534 5191
3 7170 6890 3956
3 1259 439 9538
3 7663 5986 673
3 6161 4301 2632
3 2977 9431 1980
3 8447 9656 6835
3 8180 136 6565
3 8401 4796 885
3 9398 2514 2694
3 3212 1796 2102
3 6824 4798 1519
3 7457 6844 9944
3 7407 7991 1475
3 5245 4221 2772
3 4942 3590 2713
3 8568 3370 5482
3 8383 8822 6352
3 1318 3280 1649
3 8326 2595 24
3 2399 8435 2074
3 8252 183 956
3 1961 6137 9413
3 4104 6809 4502
3 37 4777 8037
3 1279 9075 5752
3 8859 6450 5666
3 5732 86 2207
3 3344 1694 9083
3 7881 4387 4635
3 3060 7895 6197
3 3793 6887 7674
3 9855 4238 6121
3 6463 7800 4839
3 9036 2881 7471
3 5994 2891 2953
3 7461 457 1983
3 7586 6302 1546
3 2297 3822 6972
3 4783 6959 7554
3 3364 7812 8900
3 5168 1538 8314
3 7320 602 6963
3 5897 7362 7410
3 487 7724 8815
3 1755 7357 4358
3 756 458 4595
3 4400 4248 3543
3 9009 9137 335
3 4434 2210 2596
3 4116 2149 4399
3 3141 5024 7206
3 8353 9047 6915
3 8930 7094 3951
3 7387 8093 3052
3 2144 2608 9035
3 4596 2903 6311
3 8766 9094 6471
3 1536 6332 2785
4 392 9114 2028 2741
4 2956 462 801 3875
4 4339 6353 221 3021
4 9838 3347 4504 2610
4 9564 6506 9578 9215
4 8486 1371 4994 1161
4 6448 7078 2837 6818
4 2892 3651 7850 5066
4 1678 7889 9659 2859
4 3789 6127 1688 5628
4 7602 40 6925 4069
4 4736 802 5181 6175
4 9709 1453 4982 2469
4 2059 8663 725 2412
4 31 6148 6232 5233
4 4877 3887 9820 8543
4 168 9394 502 5125
4 7959 6229 4688 1778
4 9651 840 1009 2683
4 4097 6944 2685 8028
4 842 5106 4291 9993
4 2307 7694 1426 7859
4 8438 8737 6328 739
4 7632 7557 615 325
4 9678 1220 3841 7960
4 1959 8576 644 5128
4 6699 78 6725 393
4 5817 9595 8022 2169
4 9223 2101 402 343
4 4488 511 9540 9015
4 8426 4549 3012 152
4 639 3318 4567 613
4 4787 229 4689 7742
4 2950 7395 9489 5631
4 5959 5719 6473 1043
4 1869 5558 8804 68
4 9227 2388 5422 5676
4 5190 34 793 8950
4 7423 7971 4031 6034
4 848 4099 8256 1080
4 8643 5882 7803 6952
4 7314 4826 1377 6746
4 7532 8097 8903 7631
4 1807 3555 3123 4855
4 3743 953 7697 1979
4 4880 2472 2242 3679
4 9957 726 7994 6315
4 1165 3903 9892 6225
4 252 6452 5881 1270
4 305 7430 5443 7581
4 1892 579 20 4969
4 9887 413 467 13
4 7132 4723 5850 3515
4 640 3698 5731 6005
4 2002 1167 4811 8629
4 4047 7176 5212 2164
4 860 8398 2137 1590
4 3396 9274 2215 76
4 8571 2669 6357 4298
4 5951 9475 2304 7666
4 477 6922 153 3509
4 1502 57 4173 9280
4 6291 6674 4750 5863
4 6095 6046 2929 740
4 346 4078 6189 5950
4 3665 6563 6479 7496
4 3621 7826 4451 4267
4 3246 2358 2629 4679
4 7951 4554 2232 2019
4 3233 5829 2432 7713
4 4155 2898 3581 4279
4 395 193 7036 649
4 7906 1369 293 1953
4 2527 1586 4246 1549
4 9337 9524 4245 414
4 4922 5146 8212 4662
4 5161 937 8206 3146
4 3449 83 949 3761
4 7804 1276 2799 8986
4 9830 6210 7252 3902
4 7565 8821 5346 4249
4 8456 9065 5026 6740
4 6104 6544 1416 7024
4 3261 2533 1286 4311
4 9526 1084 4747 3838
4 9313 2634 1650 5895
4 4030 568 1504 3161
4 868 9234 7194 9157
4 4314 2824 6244 1194
4 2751 3482 3504 2531
4 5200 9294 4653 554
4 8675 16 4856 6270
4 9105 1516 23 5714
4 7813 2668 8229 3431
4 7653 444 3263 4537
4 3748 7197 8498 6630
4 9543 3773 7236 3806
4 1793 2529 7743 9333
4 4767 5387 2047 9635
4 9810 3174 1532 1032
4 7490 9692 6258 1250
4 5672 982 7018 3911
4 7963 9488 4328 3332
4 4176 2303 8965 4501
4 5401 6664 8440 1118
4 1527 1031 9458 9496
4 6294 4398 3930 1514
4 8355 8277 7150 1296
4 1452 6920 9958 4623
4 9551 4001 675 6612
4 1201 5237 4892 6828
4 9680 8642 4914 6245
4 4841 7559 3316 4578
4 2442 8201 8952 1986
4 1891 1606 6693 2143
4 9251 5373 5175 2422
4 499 8729 2264 9711
4 5059 4935 5980 6569
4 1618 3880 6494 5834
4 6852 6744 2712 8289
4 8727 6822 9260 6430
4 5199 3513 2671 9085
4 3824 8179 1027 4713
4 6962 6510 3125 8654
4 225 8067 4775 4144
4 3407 9022 8918 9002
4 7761 5043 365 4605
4 9858 4447 5641 6093
4 3099 8177 5769 4898
4 459 3747 4164 858
4 7622 115 9149 9272
4 5097 2328 4095 8593
4 8235 5400 9655 4407
4 8981 6604 7418 7237
4 30 8808 3147 7828
4 3570 8897 7957 9181
4 9624 1951 9985 6846
4 185 8567 2402 1058
4 7849 7600 3547 6118
4 1806 123 4562 1898
4 3274 6600 2335 8382
4 6130 9611 1132 2946
4 8978 6323 1669 4156
4 2570 5098 94 6398
4 2235 3355 1865 4482
4 1978 7190 4558 576
4 6126 6727 8756 7721
4 8108 5471 9073 7048
4 8472 6766 6590 5831
4 1110 6851 6002 4840
4 6669 7899 5442 6472
4 4694 7247 2205 7616
4 6078 1639 7315 8806
4 7085 4325 2046 7127
4 4197 2220 2466 4546
4 6993 9771 7273 6090
4 7665 8340 7868 8388
4 8753 9927 2240 8393
4 5077 6899 9745 6711
4 7805 4489 1288 2591
4 7634 4804 6524 2333
4 8734 6223 473 8372
4 1835 3883 8572 9859
4 3615 1754 5019 7329
4 6304 5041 5505 2582
4 896 7693 8129 3078
4 9613 5812 9338 3587
4 5944 899 1848 2294
4 1266 1774 2911 7460
4 4564 5323 2216 2105
4 516 160 6774 8640
4 1271 5800 3506 419
4 1849 7275 3324 143
4 6990 2549 6356 101
4 9603 1192 9877 1137
4 3265 9013 4172 6697
4 9948 2730 9003 3884
4 22 1313 1212 5189
4 2234 5460 5140 3664
4 5621 6671 6560 5613
4 5702 8573 7815 6739
4 3878 2199 6803 8021
4 2237 3933 4746 8996
4 3038 7491 3281 2136
4 4312 7121 2754 1086
4 9134 5276 4308 3439
4 7123 8994 5134 1653
4 4217 7686 417 5268
4 6064 3402 9261 1699
4 3849 9744 2453 2793
4 8773 5397 753 7931
4 906 6063 2781 5171
4 2390 3097 6581 9679
4 3578 558 9029 4255
4 2417 9008 1170 4394
4 3873 8411 9230 9844
4 1656 2268 6035 1461
4 6414 2852 7510 796
4 6636 2016 9194 6595
4 5523 6831 4918 4196
4 8716 5426 550 1488
4 3782 4136 2289 5234
4 1127 4599 5598 1480
4 381 5903 6023 4818
4 219 8084 3817 6520
4 159 6096 8789 472
4 2406 828 7400 4630
4 7786 8464 7117 1624
4 9901 3491 1172 2444
4 3131 6132 8316 8759
4 5246 8049 2951 3381
4 4678 3888 2775 6261
4 7233 9759 2621 1093
4 8793 1783 5253 6432
4 4613 8166 8539 8618
4 5770 1665 3783 3300
4 2068 7903 8987 3262
4 1867 845 3442 893
4 1814 6529 6373 217
4 279 8633 1985 2334
4 3334 3965 7309 6227
4 2731 1627 6953 7788
4 133 7684 5736 4910
4 4094 1404 6517 9502
4 1836 4932 5586 2987
4 2065 5966 2554 1781
4 7501 3401 9575 5391
4 610 4193 2711 3312
4 2750 4088 4479 5398
4 7969 9534 6180 3744
4 4487 1801 2281 8165
4 5972 1208 218 5577
4 9535 3721 3584 5313
4 5917 1221 7925 7898
4 7675 6586 4894 3539
4 990 3445 5132 7110
4 1899 6417 1646 669
4 1184 9660 8665 2722
4 6812 5064 1904 7980
4 3862 5104 7388 401
4 9200 651 7371 5370
4 3927 2464 9941 8694
4 2184 2376 4544 3216
4 3929 1638 3085 4529
4 3411 9882 1716 2326
4 5599 5481 7065 9754
4 7502 7695 89 2947
4 4428 4538 3076 3947
4 5594 7672 545 934
4 3124 9846 4981 9770
4 7289 1292 8638 2173
4 1928 4628 8525 3017
4 249 9356 8842 4669
4 757 1299 7664 8015
4 7907 5345 1130 1935
4 8934 2560 9209 7043
4 771 163 292 3521
4 827 2087 144 3807
4 7902 5511 6259 8584
4 6770 6405 3424 977
4 1683 8268 9156 207
4 3580 7177 2480 7608
4 2022 2057 6958 1120
4 5122 6307 304 4163
4 7096 2567 2463 6973
4 3115 1870 894 6068
4 6497 1469 2835 9089
4 6805 7744 2990 9140
4 930 4833 9670 8732
4 6409 2050 7134 3313
4 1138 157 8273 4882
4 2011 5429 4646 7274
4 199 316 4149 3610
4 1209 4842 8776 618
4 7223 8709 241 4553
4 691 6331 9785 288
4 5804 3941 9860 7014
4 7553 8853 865 1331
4 7962 5725 3186 8068
4 356 728 2179 3353
4 3893 5514 9152 2564
4 8886 8409 3178 6897
4 7216 2227 643 3541
4 4337 7642 9179 287
4 6425 8298 4948 7640
4 5192 4392 6541 7163
4 9225 8502 7544 9491
4 6301 819 6213 7878
4 1277 862 108 3006
4 2805 2418 4789 3753
4 7298 7019 5718 7795
4 6904 5550 4468 1958
4 8534 5663 9647 1652
4 9863 6513 1971 1227
4 1574 5254 4355 9367
4 5206 2288 4226 1841
4 616 7229 4714 8870
4 7546 5578 5329 8645
4 9100 9406 6387 5060
4 9710 5182 784 9172
4 5952 7948 4143 5612
4 3438 867 5848 2841
4 9553 9885 9870 9329
4 1495 425 3798 3536
4 186 4634 2239 8310
4 3425 5741 6087 2163
4 5825 6629 733 5658
4 1809 9617 4598 6796
4 8141 5534 4508 2563
4 9232 7087 8740 5424
4 2577 8941 6814 2201
4 6484 1615 1376 5611
4 3712 347 1700 7349
4 1661 5573 226 2344
4 3208 1563 4693 378
4 9590 1479 2435 8564
4 348 2689 5771 3812
4 9570 769 7556 6620
4 4791 5510 3209 7091
4 9423 2318 800 9582
4 5958 9158 7799 9314
4 9862 3917 719 6253
4 128 8103 1685 189
4 8309 9876 4290 7434
4 1099 789 4403 7441
4 2152 1403 7333 8771
4 8321 6748 9346 6125
4 7365 383 4906 4726
4 4986 9555 5409 7541
4 7580 4518 8347 6692
4 4709 3213 8493 1494
4 2586 2451 1909 9954
4 441 5316 5183 1788
4 9205 2470 349 2012
4 5294 7835 4939 958
4 1235 1196 6917 7140
4 4211 9819 415 8086
4 7459 7758 7060 6701
4 8064 633 1949 7946
4 1131 1119 1868 6457
4 9323 863 6456 1188
4 1284 2356 8960 2878
4 8379 4996 291 5379
4 6279 1180 203 5148
4 1799 8686 361 9737
4 5343 831 3327 3784
4 8282 1679 3860 3859
4 2550 8080 3949 703
4 1993 2382 1230 4
4 8412 1105 8875 9372
4 2384 782 4621 5410
4 7479 509 2035 1732
4 7965 7507 1335 388
4 3247 2498 6843 935
4 405 5779 280 8406
4 1611 7669 9999 1818
4 7807 5694 693 1323
4 3821 8726 2483 4633
4 1133 1074 4344 7753
4 200 4675 1046 258
4 7251 2324 9807 922
4 6407 1135 6233 8985
4 4950 4664 8955 5051
4 3787 5833 227 268
4 4734 6085 8784 2579
4 8410 2378 5699 4254
4 9663 8970 3394 4330
4 9102 2789 7307 4632
4 1111 1987 4461 8461
4 3292 6635 5356 9701
4 2386 318 3639 2541
4 7667 1029 376 9604
4 9724 983 811 2373
4 2942 9742 5977 4107
4 3389 2405 6500 5844
4 7791 8791 4979 2311
4 9636 3386 662 8523
4 2086 1553 3922 6983
4 5327 741 9717 9186
4 5005 9533 9557 342
4 2715 7399 8731 8602
4 6371 794 3199 8164
4 9632 491 8491 7322
4 7092 4371 9644 6158
4 5177 4425 6434 2030
4 2676 3385 173 9162
4 2508 3827 2410 9148
4 6647 8374 1918 4810
4 6420 7992 4369 9342
4 3008 7706 8725 7627
4 6242 409 5413 872
4 2825 4220 5266 9773
4 621 1534 3756 3866
4 3819 2883 8872 1992
4 7820 6254 8136 5187
4 5885 7340 4273 1554
4 69 9282 7069 5073
4 1897 984 4978 4435
4 7636 3794 3225 1206
4 9977 917 4323 6678
4 8857 5210 1063 148
4 9609 2747 5399 3935
4 1705 1415 1045 3799
4 1439 821 2934 3267
4 7832 195 1969 7228
4 5957 1329 7712 4651
4 5643 3466 2427 9963
4 3474 652 2172 7264
4 5883 7393 4032 5979
4 6480 7736 7408 4535
4 5470 7093 3144 4214
4 7243 8758 9327 5840
4 9362 4807 3227 2503
4 312 2803 8613 2873
4 6234 5265 605 5045
4 6499 435 901 3058
4 1610 5853 1731 4356
4 2884 5167 8728 7547
4 7938 7165 3620 4103
4 2166 4237 7033 6174
4 483 8879 437 5361
4 4260 9159 508 7276
4 9775 7097 8778 6654
4 2330 6675 5340 7588
4 179 9787 2996 2425
4 3636 8570 2500 7172
4 8780 6841 5350 6077
4 1654 4372 8142 4224
4 8395 4860 4758 194
4 987 8535 8507 5508
4 7416 7793 5745 4822
4 8770 1305 9070 6901
4 7915 9011 9822 6187
4 1142 303 7639 9415
4 118 4577 184 3530
4 209 2170 9749 3476
4 4890 8311 2556 6853
4 111 8144 3984 4891
4 4972 8117 192 3082
4 9380 8877 2769 8786
4 2206 7059 4732 7427
4 3879 7789 596 8038
4 9264 8224 478 9218
4 482 8961 7086 1831
4 1614 5557 5067 3044
4 7561 9571 7942 9931
4 8361 7883 729 7578
4 4376 8405 1728 8114
4 3777 2520 8417 8975
4 3189 5107 4175 6141
4 7098 6128 5279 9421
4 4285 7856 7590 5993
4 6156 1972 5747 1517
4 230 5983 7075 2771
4 274 9436 3717 6411
4 7741 4523 121 6902
4 4724 5696 8061 9556
4 3727 8272 3493 1485
4 2485 2512 3716 6614
4 908 5906 2808 2974
4 1695 4952 2812 4470
4 8135 6308 8244 4899
4 781 7847 3685 5483
4 5504 156 4232 9793
4 1625 8002 6559 1496
4 6682 8462 7077 1350
4 7187 6937 9031 2098
4 4699 7606 6177 8530
4 8075 2039 7045 8009
4 6833 6720 7483 256
4 8542 6429 3635 4098
4 4845 5617 8698 424
4 8011 5727 2272 2110
4 8500 1226 4333 1937
4 311 7730 9736 833
4 1283 4063 8110 8045
4 8561 9126 7017 7864
4 2827 8220 5304 6545
4 2271 507 5213 574
4 1177 8797 1749 2532
4 61 5870 6428 5533
4 2602 6607 3108 6265
4 8880 3059 2298 1696
4 4876 8159 9357 5938
4 1634 9457 9301 1006
4 8556 7550 4427 8868
4 428 1513 1501 81
4 3307 795 2447 3023
4 1917 7068 7248 7533
4 9498 4966 1171 7404
4 4297 2657 5377 5783
4 1753 4913 1326 8635
4 1804 866 3690 5382
4 6971 682 5158 8494
4 9686 2231 3053 5262
4 1984 5260 4588 5023
4 6026 4980 7337 4440
4 4262 7030 1703 1166
4 9007 6293 5754 1622
4 5907 6075 3993 7022
4 959 406 7929 5008
4 7367 7833 1789 7139
4 6998 903 8924 8850
4 6551 4305 2252 6539
4 7682 9910 8473 8190
4 7138 7711 9521 9296
4 538 3469 3268 8441
4 803 5480 9932 7830
4 7292 3205 4770 1275
4 6617 4591 7514 2393
4 2900 7453 5632 3534
4 5472 7067 6098 6237
4 182 2357 9823 6021
4 8968 7584 1762 5585
4 3846 1307 5910 6257
4 3361 3266 2310 2583
4 8592 2673 8555 6412
4 1932 4923 6533 1824
4 1149 668 5693 7523
4 4830 1191 3286 5281
4 658 6393 3416 9548
4 3154 4843 4793 4048
4 7102 7129 6848 9577
4 4283 4893 2645 9044
4 4019 9698 6859 7688
4 3705 5926 5900 4453
4 603 2138 7281 4060
4 3963 6799 5010 4851
4 6519 3854 9189 9042
4 5640 6643 4571 6040
4 8541 3169 9311 7985
4 3803 4911 9861 8085
4 7000 341 2026 2546
4 3591 1612 25 2899
4 9411 5430 7658 3994
4 5100 3810 3611 6454
4 698 6961 1190 921
4 8001 452 9914 7574
4 224 6222 3382 2385
4 2928 2961 9297 275
4 1878 1770 7071 4236
4 2664 7852 6290 5838
4 2280 659 3454 9270
4 9204 5809 6031 7782
4 3523 238 972 6509
4 7890 6195 9146 9554
4 582 6119 8554 886
4 1302 6334 9101 2656
4 3619 3990 9972 746
4 5828 319 3696 1775
4 6592 54 9229 9059
4 2153 8231 4009 6923
4 8000 3719 5538 526
4 27 8334 6862 4691
4 2709 6185 468 2662
4 6391 4209 8034 9825
4 8118 6199 9720 4821
4 999 2980 9933 7504
4 1777 1134 1873 1316
4 180 2038 6283 412
4 4525 7488 6516 3413
4 5549 9024 3754 7261
4 6772 2525 8109 7011
4 6491 5386 1667 6850
4 3156 5635 5227 3645
4 422 2154 4132 7222
4 1880 4581 2010 573
4 4556 4705 379 8757
4 4034 5014 5778 9336
4 6163 5859 1237 3843
4 9150 6792 9400 4520
4 4252 5257 8546 5697
4 5949 8508 8318 8098
4 1725 1087 1308 4987
4 8344 2758 3383 4174
4 1964 911 533 7183
4 3201 7005 1374 9929
4 5539 5108 5619 1664
4 5029 2858 986 9833
4 2431 4976 8511 6631
4 2706 4062 5153 2733
4 9321 7042 5466 9164
4 9638 360 3546 5406
4 3628 5527 5342 4438
4 583 3788 1290 7882
