172
2 35 93
2 97 190
2 197 252
2 286 369
2 420 423
2 441 28
2 196 333
2 300 33
2 165 482
2 326 47
2 12 315
2 1 21
2 14 330
2 279 421
2 322 299
2 306 454
2 256 358
2 414 492
2 7 189
2 154 334
2 17 352
2 86 212
2 266 64
2 182 141
2 156 495
2 120 337
2 319 158
2 443 410
2 462 73
2 213 484
2 11 301
2 170 72
2 463 452
2 210 264
2 329 350
2 451 155
2 486 0
2 234 221
2 52 298
2 111 166
2 48 38
2 371 434
2 261 113
2 376 310
2 475 448
2 108 20
2 5 273
2 405 15
2 498 396
2 445 240
2 324 433
2 193 19
2 320 356
2 367 387
2 430 385
2 208 219
2 249 236
2 288 175
2 455 187
2 61 277
2 231 199
2 360 439
2 271 473
2 499 292
2 147 409
3 181 34 60
3 258 419 311
3 218 159 117
3 394 177 412
3 429 353 123
3 472 71 362
3 31 345 449
3 139 294 397
3 437 302 474
3 90 3 23
3 65 400 225
3 235 438 8
3 163 276 364
3 391 431 121
3 149 180 424
3 442 444 203
3 192 230 348
3 388 407 328
3 392 99 214
3 278 18 422
3 459 268 336
3 6 13 188
3 403 263 10
3 497 55 91
3 283 467 105
3 242 89 351
3 427 201 384
3 399 447 24
3 162 375 136
3 25 41 79
3 115 116 32
3 80 185 274
3 282 124 164
3 468 56 69
3 259 289 27
3 59 251 401
3 81 204 247
3 198 395 490
3 44 78 280
3 285 460 36
3 46 54 104
3 186 217 347
3 411 95 106
3 114 128 138
3 148 237 245
3 307 339 152
3 174 295 100
3 119 132 325
3 200 207 284
3 359 365 377
3 390 153 363
3 172 160 16
3 45 50 361
3 461 40 76
3 373 453 66
3 129 269 107
3 109 304 29
3 244 22 70
3 112 151 233
3 379 92 332
4 26 144 226 254
4 378 425 446 101
4 195 341 372 432
4 267 450 494 4
4 39 77 85 118
4 126 130 131 135
4 161 169 183 228
4 232 238 257 262
4 270 275 281 313
4 314 316 323 335
4 340 343 355 374
4 383 418 428 465
4 469 470 476 496
4 30 49 133 145
4 179 216 220 239
4 243 290 321 349
4 398 413 440 466
4 62 67 88 98
4 125 137 206 209
4 211 291 296 308
4 386 393 404 478
4 487 491 37 57
4 87 143 168 178
4 184 253 293 303
4 317 318 338 344
4 346 354 389 416
4 471 9 42 43
4 53 58 75 82
4 122 127 222 223
4 227 248 366 406
4 435 456 483 489
4 74 142 173 202
4 241 265 297 305
4 309 312 342 381
4 382 426 458 477
4 481 493 102 134
4 140 157 167 176
4 215 260 331 368
4 408 415 417 457
4 485 2 51 63
4 68 83 84 94
4 96 103 110 146
4 150 171 191 194
4 205 224 229 246
4 250 255 272 287
4 327 357 370 380
4 402 436 464 479
